,hits,social_site,year,end_quarter,full_startdate,quarter,start_quarter
0,1.0,Twitter,2006,0331,20060101,Q1 2006,0101
1,1.0,Twitter,2006,0630,20060401,Q2 2006,0401
2,1.0,Twitter,2006,0930,20060701,Q3 2006,0701
3,3.0,Twitter,2006,1231,20061001,Q4 2006,1001
4,0.0,Twitter,2007,0331,20070101,Q1 2007,0101
5,11.0,Twitter,2007,0630,20070401,Q2 2007,0401
6,10.0,Twitter,2007,0930,20070701,Q3 2007,0701
7,17.0,Twitter,2007,1231,20071001,Q4 2007,1001
8,26.0,Twitter,2008,0331,20080101,Q1 2008,0101
9,38.0,Twitter,2008,0630,20080401,Q2 2008,0401
10,149.0,Twitter,2008,0930,20080701,Q3 2008,0701
11,202.0,Twitter,2008,1231,20081001,Q4 2008,1001
12,401.0,Twitter,2009,0331,20090101,Q1 2009,0101
13,740.0,Twitter,2009,0630,20090401,Q2 2009,0401
14,832.0,Twitter,2009,0930,20090701,Q3 2009,0701
15,765.0,Twitter,2009,1231,20091001,Q4 2009,1001
16,875.0,Twitter,2010,0331,20100101,Q1 2010,0101
17,897.0,Twitter,2010,0630,20100401,Q2 2010,0401
18,941.0,Twitter,2010,0930,20100701,Q3 2010,0701
19,1039.0,Twitter,2010,1231,20101001,Q4 2010,1001
20,1394.0,Twitter,2011,0331,20110101,Q1 2011,0101
21,1322.0,Twitter,2011,0630,20110401,Q2 2011,0401
22,1728.0,Twitter,2011,0930,20110701,Q3 2011,0701
23,2395.0,Twitter,2011,1231,20111001,Q4 2011,1001
24,2416.0,Twitter,2012,0331,20120101,Q1 2012,0101
25,1879.0,Twitter,2012,0630,20120401,Q2 2012,0401
26,1820.0,Twitter,2012,0930,20120701,Q3 2012,0701
27,1728.0,Twitter,2012,1231,20121001,Q4 2012,1001
28,1688.0,Twitter,2013,0331,20130101,Q1 2013,0101
29,1663.0,Twitter,2013,0630,20130401,Q2 2013,0401
30,2278.0,Twitter,2013,0930,20130701,Q3 2013,0701
31,1505.0,Twitter,2013,1231,20131001,Q4 2013,1001
32,3736.0,Twitter,2014,0331,20140101,Q1 2014,0101
33,3324.0,Twitter,2014,0630,20140401,Q2 2014,0401
34,3414.0,Twitter,2014,0930,20140701,Q3 2014,0701
35,2894.0,Twitter,2014,1231,20141001,Q4 2014,1001
36,7.0,Facebook,2006,0331,20060101,Q1 2006,0101
37,20.0,Facebook,2006,0630,20060401,Q2 2006,0401
38,35.0,Facebook,2006,0930,20060701,Q3 2006,0701
39,55.0,Facebook,2006,1231,20061001,Q4 2006,1001
40,47.0,Facebook,2007,0331,20070101,Q1 2007,0101
41,72.0,Facebook,2007,0630,20070401,Q2 2007,0401
42,195.0,Facebook,2007,0930,20070701,Q3 2007,0701
43,239.0,Facebook,2007,1231,20071001,Q4 2007,1001
44,274.0,Facebook,2008,0331,20080101,Q1 2008,0101
45,197.0,Facebook,2008,0630,20080401,Q2 2008,0401
46,221.0,Facebook,2008,0930,20080701,Q3 2008,0701
47,269.0,Facebook,2008,1231,20081001,Q4 2008,1001
48,439.0,Facebook,2009,0331,20090101,Q1 2009,0101
49,608.0,Facebook,2009,0630,20090401,Q2 2009,0401
50,591.0,Facebook,2009,0930,20090701,Q3 2009,0701
51,611.0,Facebook,2009,1231,20091001,Q4 2009,1001
52,744.0,Facebook,2010,0331,20100101,Q1 2010,0101
53,816.0,Facebook,2010,0630,20100401,Q2 2010,0401
54,803.0,Facebook,2010,0930,20100701,Q3 2010,0701
55,924.0,Facebook,2010,1231,20101001,Q4 2010,1001
56,1471.0,Facebook,2011,0331,20110101,Q1 2011,0101
57,1235.0,Facebook,2011,0630,20110401,Q2 2011,0401
58,1334.0,Facebook,2011,0930,20110701,Q3 2011,0701
59,1878.0,Facebook,2011,1231,20111001,Q4 2011,1001
60,1828.0,Facebook,2012,0331,20120101,Q1 2012,0101
61,1815.0,Facebook,2012,0630,20120401,Q2 2012,0401
62,1327.0,Facebook,2012,0930,20120701,Q3 2012,0701
63,1207.0,Facebook,2012,1231,20121001,Q4 2012,1001
64,1146.0,Facebook,2013,0331,20130101,Q1 2013,0101
65,1257.0,Facebook,2013,0630,20130401,Q2 2013,0401
66,1585.0,Facebook,2013,0930,20130701,Q3 2013,0701
67,1069.0,Facebook,2013,1231,20131001,Q4 2013,1001
68,2105.0,Facebook,2014,0331,20140101,Q1 2014,0101
69,2153.0,Facebook,2014,0630,20140401,Q2 2014,0401
70,2013.0,Facebook,2014,0930,20140701,Q3 2014,0701
71,1932.0,Facebook,2014,1231,20141001,Q4 2014,1001
72,0.0,Instagram,2006,0331,20060101,Q1 2006,0101
73,0.0,Instagram,2006,0630,20060401,Q2 2006,0401
74,0.0,Instagram,2006,0930,20060701,Q3 2006,0701
75,0.0,Instagram,2006,1231,20061001,Q4 2006,1001
76,0.0,Instagram,2007,0331,20070101,Q1 2007,0101
77,0.0,Instagram,2007,0630,20070401,Q2 2007,0401
78,0.0,Instagram,2007,0930,20070701,Q3 2007,0701
79,0.0,Instagram,2007,1231,20071001,Q4 2007,1001
80,0.0,Instagram,2008,0331,20080101,Q1 2008,0101
81,0.0,Instagram,2008,0630,20080401,Q2 2008,0401
82,0.0,Instagram,2008,0930,20080701,Q3 2008,0701
83,0.0,Instagram,2008,1231,20081001,Q4 2008,1001
84,0.0,Instagram,2009,0331,20090101,Q1 2009,0101
85,0.0,Instagram,2009,0630,20090401,Q2 2009,0401
86,0.0,Instagram,2009,0930,20090701,Q3 2009,0701
87,0.0,Instagram,2009,1231,20091001,Q4 2009,1001
88,0.0,Instagram,2010,0331,20100101,Q1 2010,0101
89,0.0,Instagram,2010,0630,20100401,Q2 2010,0401
90,1.0,Instagram,2010,0930,20100701,Q3 2010,0701
91,8.0,Instagram,2010,1231,20101001,Q4 2010,1001
92,12.0,Instagram,2011,0331,20110101,Q1 2011,0101
93,21.0,Instagram,2011,0630,20110401,Q2 2011,0401
94,23.0,Instagram,2011,0930,20110701,Q3 2011,0701
95,20.0,Instagram,2011,1231,20111001,Q4 2011,1001
96,56.0,Instagram,2012,0331,20120101,Q1 2012,0101
97,204.0,Instagram,2012,0630,20120401,Q2 2012,0401
98,102.0,Instagram,2012,0930,20120701,Q3 2012,0701
99,134.0,Instagram,2012,1231,20121001,Q4 2012,1001
100,133.0,Instagram,2013,0331,20130101,Q1 2013,0101
101,137.0,Instagram,2013,0630,20130401,Q2 2013,0401
102,220.0,Instagram,2013,0930,20130701,Q3 2013,0701
103,212.0,Instagram,2013,1231,20131001,Q4 2013,1001
104,371.0,Instagram,2014,0331,20140101,Q1 2014,0101
105,369.0,Instagram,2014,0630,20140401,Q2 2014,0401
106,392.0,Instagram,2014,0930,20140701,Q3 2014,0701
107,413.0,Instagram,2014,1231,20141001,Q4 2014,1001
108,24.0,MySpace,2006,0331,20060101,Q1 2006,0101
109,70.0,MySpace,2006,0630,20060401,Q2 2006,0401
110,126.0,MySpace,2006,0930,20060701,Q3 2006,0701
111,186.0,MySpace,2006,1231,20061001,Q4 2006,1001
112,176.0,MySpace,2007,0331,20070101,Q1 2007,0101
113,203.0,MySpace,2007,0630,20070401,Q2 2007,0401
114,218.0,MySpace,2007,0930,20070701,Q3 2007,0701
115,185.0,MySpace,2007,1231,20071001,Q4 2007,1001
116,219.0,MySpace,2008,0331,20080101,Q1 2008,0101
117,158.0,MySpace,2008,0630,20080401,Q2 2008,0401
118,107.0,MySpace,2008,0930,20080701,Q3 2008,0701
119,109.0,MySpace,2008,1231,20081001,Q4 2008,1001
120,115.0,MySpace,2009,0331,20090101,Q1 2009,0101
121,121.0,MySpace,2009,0630,20090401,Q2 2009,0401
122,93.0,MySpace,2009,0930,20090701,Q3 2009,0701
123,94.0,MySpace,2009,1231,20091001,Q4 2009,1001
124,68.0,MySpace,2010,0331,20100101,Q1 2010,0101
125,58.0,MySpace,2010,0630,20100401,Q2 2010,0401
126,57.0,MySpace,2010,0930,20100701,Q3 2010,0701
127,46.0,MySpace,2010,1231,20101001,Q4 2010,1001
128,47.0,MySpace,2011,0331,20110101,Q1 2011,0101
129,41.0,MySpace,2011,0630,20110401,Q2 2011,0401
130,32.0,MySpace,2011,0930,20110701,Q3 2011,0701
131,38.0,MySpace,2011,1231,20111001,Q4 2011,1001
132,42.0,MySpace,2012,0331,20120101,Q1 2012,0101
133,39.0,MySpace,2012,0630,20120401,Q2 2012,0401
134,19.0,MySpace,2012,0930,20120701,Q3 2012,0701
135,13.0,MySpace,2012,1231,20121001,Q4 2012,1001
136,20.0,MySpace,2013,0331,20130101,Q1 2013,0101
137,12.0,MySpace,2013,0630,20130401,Q2 2013,0401
138,9.0,MySpace,2013,0930,20130701,Q3 2013,0701
139,13.0,MySpace,2013,1231,20131001,Q4 2013,1001
140,20.0,MySpace,2014,0331,20140101,Q1 2014,0101
141,20.0,MySpace,2014,0630,20140401,Q2 2014,0401
142,15.0,MySpace,2014,0930,20140701,Q3 2014,0701
143,17.0,MySpace,2014,1231,20141001,Q4 2014,1001
144,0.0,Tumblr,2006,0331,20060101,Q1 2006,0101
145,0.0,Tumblr,2006,0630,20060401,Q2 2006,0401
146,0.0,Tumblr,2006,0930,20060701,Q3 2006,0701
147,0.0,Tumblr,2006,1231,20061001,Q4 2006,1001
148,0.0,Tumblr,2007,0331,20070101,Q1 2007,0101
149,0.0,Tumblr,2007,0630,20070401,Q2 2007,0401
150,0.0,Tumblr,2007,0930,20070701,Q3 2007,0701
151,1.0,Tumblr,2007,1231,20071001,Q4 2007,1001
152,0.0,Tumblr,2008,0331,20080101,Q1 2008,0101
153,1.0,Tumblr,2008,0630,20080401,Q2 2008,0401
154,3.0,Tumblr,2008,0930,20080701,Q3 2008,0701
155,2.0,Tumblr,2008,1231,20081001,Q4 2008,1001
156,10.0,Tumblr,2009,0331,20090101,Q1 2009,0101
157,11.0,Tumblr,2009,0630,20090401,Q2 2009,0401
158,2.0,Tumblr,2009,0930,20090701,Q3 2009,0701
159,1.0,Tumblr,2009,1231,20091001,Q4 2009,1001
160,17.0,Tumblr,2010,0331,20100101,Q1 2010,0101
161,15.0,Tumblr,2010,0630,20100401,Q2 2010,0401
162,26.0,Tumblr,2010,0930,20100701,Q3 2010,0701
163,31.0,Tumblr,2010,1231,20101001,Q4 2010,1001
164,22.0,Tumblr,2011,0331,20110101,Q1 2011,0101
165,29.0,Tumblr,2011,0630,20110401,Q2 2011,0401
166,61.0,Tumblr,2011,0930,20110701,Q3 2011,0701
167,92.0,Tumblr,2011,1231,20111001,Q4 2011,1001
168,90.0,Tumblr,2012,0331,20120101,Q1 2012,0101
169,73.0,Tumblr,2012,0630,20120401,Q2 2012,0401
170,89.0,Tumblr,2012,0930,20120701,Q3 2012,0701
171,73.0,Tumblr,2012,1231,20121001,Q4 2012,1001
172,75.0,Tumblr,2013,0331,20130101,Q1 2013,0101
173,101.0,Tumblr,2013,0630,20130401,Q2 2013,0401
174,93.0,Tumblr,2013,0930,20130701,Q3 2013,0701
175,65.0,Tumblr,2013,1231,20131001,Q4 2013,1001
176,76.0,Tumblr,2014,0331,20140101,Q1 2014,0101
177,87.0,Tumblr,2014,0630,20140401,Q2 2014,0401
178,90.0,Tumblr,2014,0930,20140701,Q3 2014,0701
179,88.0,Tumblr,2014,1231,20141001,Q4 2014,1001
180,0.0,Snapchat,2006,0331,20060101,Q1 2006,0101
181,0.0,Snapchat,2006,0630,20060401,Q2 2006,0401
182,0.0,Snapchat,2006,0930,20060701,Q3 2006,0701
183,0.0,Snapchat,2006,1231,20061001,Q4 2006,1001
184,0.0,Snapchat,2007,0331,20070101,Q1 2007,0101
185,0.0,Snapchat,2007,0630,20070401,Q2 2007,0401
186,0.0,Snapchat,2007,0930,20070701,Q3 2007,0701
187,0.0,Snapchat,2007,1231,20071001,Q4 2007,1001
188,0.0,Snapchat,2008,0331,20080101,Q1 2008,0101
189,0.0,Snapchat,2008,0630,20080401,Q2 2008,0401
190,0.0,Snapchat,2008,0930,20080701,Q3 2008,0701
191,0.0,Snapchat,2008,1231,20081001,Q4 2008,1001
192,0.0,Snapchat,2009,0331,20090101,Q1 2009,0101
193,0.0,Snapchat,2009,0630,20090401,Q2 2009,0401
194,0.0,Snapchat,2009,0930,20090701,Q3 2009,0701
195,0.0,Snapchat,2009,1231,20091001,Q4 2009,1001
196,0.0,Snapchat,2010,0331,20100101,Q1 2010,0101
197,0.0,Snapchat,2010,0630,20100401,Q2 2010,0401
198,0.0,Snapchat,2010,0930,20100701,Q3 2010,0701
199,0.0,Snapchat,2010,1231,20101001,Q4 2010,1001
200,0.0,Snapchat,2011,0331,20110101,Q1 2011,0101
201,0.0,Snapchat,2011,0630,20110401,Q2 2011,0401
202,0.0,Snapchat,2011,0930,20110701,Q3 2011,0701
203,0.0,Snapchat,2011,1231,20111001,Q4 2011,1001
204,0.0,Snapchat,2012,0331,20120101,Q1 2012,0101
205,4.0,Snapchat,2012,0630,20120401,Q2 2012,0401
206,0.0,Snapchat,2012,0930,20120701,Q3 2012,0701
207,2.0,Snapchat,2012,1231,20121001,Q4 2012,1001
208,14.0,Snapchat,2013,0331,20130101,Q1 2013,0101
209,13.0,Snapchat,2013,0630,20130401,Q2 2013,0401
210,26.0,Snapchat,2013,0930,20130701,Q3 2013,0701
211,63.0,Snapchat,2013,1231,20131001,Q4 2013,1001
212,99.0,Snapchat,2014,0331,20140101,Q1 2014,0101
213,85.0,Snapchat,2014,0630,20140401,Q2 2014,0401
214,57.0,Snapchat,2014,0930,20140701,Q3 2014,0701
215,80.0,Snapchat,2014,1231,20141001,Q4 2014,1001
216,0.0,LinkedIn,2006,0331,20060101,Q1 2006,0101
217,0.0,LinkedIn,2006,0630,20060401,Q2 2006,0401
218,2.0,LinkedIn,2006,0930,20060701,Q3 2006,0701
219,3.0,LinkedIn,2006,1231,20061001,Q4 2006,1001
220,5.0,LinkedIn,2007,0331,20070101,Q1 2007,0101
221,6.0,LinkedIn,2007,0630,20070401,Q2 2007,0401
222,7.0,LinkedIn,2007,0930,20070701,Q3 2007,0701
223,19.0,LinkedIn,2007,1231,20071001,Q4 2007,1001
224,12.0,LinkedIn,2008,0331,20080101,Q1 2008,0101
225,22.0,LinkedIn,2008,0630,20080401,Q2 2008,0401
226,23.0,LinkedIn,2008,0930,20080701,Q3 2008,0701
227,13.0,LinkedIn,2008,1231,20081001,Q4 2008,1001
228,21.0,LinkedIn,2009,0331,20090101,Q1 2009,0101
229,35.0,LinkedIn,2009,0630,20090401,Q2 2009,0401
230,25.0,LinkedIn,2009,0930,20090701,Q3 2009,0701
231,28.0,LinkedIn,2009,1231,20091001,Q4 2009,1001
232,30.0,LinkedIn,2010,0331,20100101,Q1 2010,0101
233,28.0,LinkedIn,2010,0630,20100401,Q2 2010,0401
234,34.0,LinkedIn,2010,0930,20100701,Q3 2010,0701
235,36.0,LinkedIn,2010,1231,20101001,Q4 2010,1001
236,59.0,LinkedIn,2011,0331,20110101,Q1 2011,0101
237,174.0,LinkedIn,2011,0630,20110401,Q2 2011,0401
238,106.0,LinkedIn,2011,0930,20110701,Q3 2011,0701
239,123.0,LinkedIn,2011,1231,20111001,Q4 2011,1001
240,136.0,LinkedIn,2012,0331,20120101,Q1 2012,0101
241,120.0,LinkedIn,2012,0630,20120401,Q2 2012,0401
242,66.0,LinkedIn,2012,0930,20120701,Q3 2012,0701
243,50.0,LinkedIn,2012,1231,20121001,Q4 2012,1001
244,60.0,LinkedIn,2013,0331,20130101,Q1 2013,0101
245,73.0,LinkedIn,2013,0630,20130401,Q2 2013,0401
246,96.0,LinkedIn,2013,0930,20130701,Q3 2013,0701
247,64.0,LinkedIn,2013,1231,20131001,Q4 2013,1001
248,126.0,LinkedIn,2014,0331,20140101,Q1 2014,0101
249,131.0,LinkedIn,2014,0630,20140401,Q2 2014,0401
250,91.0,LinkedIn,2014,0930,20140701,Q3 2014,0701
251,100.0,LinkedIn,2014,1231,20141001,Q4 2014,1001
